2344689594656056219
2344018997093459370
2343250658767213672
2342533914297700223
2341049496123084308
2340369680788997744
2339567097188161126
2338181333379308517
2337422370077605922
2336679854537586716
2335987533005260745
2335256924037409729
2334533878315076689
2333813402465884644
2332450285492238003
2332362935244220289
2331741909826922805
2331636553463879973
2344647841517398021
2344375047324846720
2344013144965622021
2343923612412816272
2343740415139070950
2343649734236170297
2343288309020999455
2343227388231728068
2343015652031671349
2342924958387522546
2342563502486925009
2342473490063800966
2344643439796622860
2343922883140785053
2342472987451927278
2342292582946006680
2341744872845094861
2341563476964969907
2341022020151988717
2340300810082495957
2339571480202098169
2338846737261108074
2338150869687911002
2337400656014670841
2336679642700117925
2335947406434394405
2335231125393631159
2334513492546310623
2333772345036315999
2333591527701669927
