35092955143
4069281807
185065495
748849181
1365102653
1290813511
34590675025
3679633552
493447320
14278365345
3565039778
4940546212
11615129775
538708145
590858431
9749967084
474487024
2030999797
5802555650
38666846473
1995415819
280135952
415793423
8513986867
3952757052
36608131389
3401509191
3259609417
18039851342
3765655888
7287247211
1456886146
36989761931
9925093789
24721756578
354011555
10426392998
36251531687
9998260665
634974652
6234024383
16394959303
7745180101
1143851470
412150222
16631108051
4831930843
8284682727
5475781101
2039288309
5462268427
1956084238
10256429588
633252376
867424796
23162763808
10571184676
3877358120
7102419498
1545169451
18359884332
3538952754
2261365299
1460187699
6331499058
6929474102
1434464823
2072355384
2353824306
5689903674
4199281214
1506316865
1790550599
1554317898
14704691786
3992556110
6438505042
1092209239
2906546776
2894664279
20691522142
1279971938
2376440420
1705386597
27541578341
1510625895
2158326377
7643130479
7469187698
249467509
12343429749
1350093433
4515799674
1436527229
1380065919
752515714
5680968322
4763288195
6812797572
10637118083
11782296199
1677316744
2051115651
12105007749
1192874637
30989865616
3417713298
32353739411
3884821141
20714926747
10587681437
15903228576
6901596833
8471390891
8354763436
8767939247
838677169
354255538
4463837880
779764412
9125671616
6269311681
14311365326
1432185551
1693293262
1428871891
37542429395
13574042325
5525172952
2582737624
2276176603
6738721501
9229179615
1473821408
1335456480
4461165282
7139965664
1821602529
6058523365
4364577510
5835496
1002312426
9013676781
1104268014
5537569522
576592627
27061506802
2186388214
32478857974
1435513591
705352442
1343197951
1796178689
7392310018
1581746947
12779967243
1441606411
1492589325
2012674830
21051886350
1248590608
458150673
3459404562
1904462613
34179201813
4056531737
9389656858
1449935643
1909857052
5818630940
1620314911
1577333535
241226530
9847249701
10722573094
1539965734
12841423657
7066028842
2929220395
33504432940
1002345262
4349338415
13491325743
226906933
3553555257
4669123385
6121757509
1471865671
5338432329
7373896523
215651147
385065803
2249372494
1922196304
214946641
713007954
1033755475
2019973972
1181737808
5389493078
19971136344
6381486939
34505921373
23133907807
36174064480
1711719264
28115022697
2111220588
1547983725
2314296174
3069938541
1426963318
26439037818
1698265979
6931129212
8667509634
3647638402
429093767
4433343369
1664523150
7244436374
404538262
25975212952
1378884508
878785438
1467184031
22858027939
2006436773
1645368230
38441567143
374033318
1949600682
8609672109
224246702
18132390834
5453607859
1389675445
3548259253
5501803446
4437650364
323521469
8448478142
476263360
1103866817
7883002818
6193124291
1251677124
4017634245
1455930309
6727146436
3117374406
1954153415
963019722
2111927243
2060377035
2179374027
4994575310
3258553296
7898215378
14998115288
1682779096
255357912
385004508
8364358621
44938204
12606354400
34022423521
2161138658
10987512803
1006502888
4767460329
28210715629
3132412910
6178218990
867746803
1994953716
1494100981
7126057977
774849530
2883017723
1118749690
986401785
6230828028
8528540666
1729070082
47698954
1660126218
22496752650
5327221773
1423330318
25236698129
6731707419
2092528667
7915129886
10593178656
5074930721
586402851
18047697956
301249573
1536222248
11876205611
4249130028
5560671277
5908935724
2044367925
37497275446
186838071
1279497271
19994801213
4469318719
18507779136
1211483199
8907494466
5977902148
11773574213
4470899784
475270217
324570188
1528187980
30078794830
1467038797
472366160
1983233105
32559254611
5741390932
1361787989
271277143
7033644121
2008937562
1241091168
3597304931
9530287205
4625618021
1631972460
7367363693
4587734126
6258887791
2097331312
341333105
550728817
3319911539
5329710194
4395134066
5692652662
5872301179
1948077179
309058685
30771305603
18025204868
3266714758
4478755976
1350306957
2819234959
5903883407
8926047378
1775002771
2186441880
10858564761
4182529176
28643650716
5395948700
6734023838
333517980
3717569697
28415030434
5436120227
8907852964
6169408676
1140378790
26194771109
16369089704
1493122219
8561206445
4037833902
1495440557
4729033901
1006953652
5454339254
18495700151
12045986998
1279798454
1109204152
23164470465
9277955266
23927891139
1432339652
1606165701
10479445188
2220678338
28847672523
2283076811
2261968079
37036340434
274556115
3565335763
282281173
1476418775
4372780250
1578130653
1596288223
