2111908137
18077053030
5705830579
4465442858
185214651
8518103168
28008308859
8179720593
1246726337
4150079764
1373464605
434524028
10653421110
343189581
1081014579
5735929978
262235368
1299372352
9371184852
1471008908
15941396927
4207335699
1098959059
19451838474
1633609831
1551675026
4849063959
8710175779
6097318069
4513036615
575092784
3920181891
473084614
699191487
16408950872
3069183019
13124288804
21434747326
14690292054
11224301691
25035653146
1410949324
2319165855
490563793
10333866015
4478824756
4177082446
4027657729
4766642307
5901207023
1443136550
814702728
4537141337
176594601
223155855
22266206222
296554747
18603953027
10632658997
6921996450
1454604334
11167555653
27911147803
7711830117
26277296276
1646092398
6872686871
1504842125
2020420473
1464963085
5521281112
1283939728
1073215222
2320138569
1586698075
2013973718
9065781300
6538139659
12545120475
4831822839
5958827301
347323588
1754138779
23204188309
10599727127
402125005
4331956299
25710321083
8499548860
1575104707
1367398884
25421840
358164743
22006266071
2295877817
27215067317
289425428
38985828
23615637611
1674750817
13486285163
10961148059
6685309335
5621823514
3107749938
10211091478
205443143
1414358728
10671188072
12571046010
184371375
242772096
9522538663
4867397710
7312845024
4709675104
4476971112
11148744888
1465304122
8606693951
3187997325
1377699902
13982677009
5817473305
8376819343
706401587
3473840238
2251600000
5749767719
9888436254
3099877428
549931028
270878720
12183814380
13061660968
1399442014
1454814218
5699908731
466856126
3125303375
1529603259
4994604565
3661349016
1545332796
16098576746
25599140880
11604205782
6094184539
1481146429
4800310333
8626516298
282380290
487522446
10656828598
10156275441
26436051156
4868784263
7307925574
28139739139
576486667
1610330281
191070389
8681713930
1088157742
17204607006
3935473857
362227822
7170896179
16650449455
3565230360
7623475287
3234534922
1357243271
8193837363
6812436506
7784118488
8540171680
5507479637
815898822
521172409
5754706030
1702039319
8483876992
1188022399
1235200335
346373157
2991079571
195328722
1644873925
17545773017
28247175491
3038536026
2208508287
9144619112
17377282856
3587518648
994461970
634356039
6896274554
3215812720
9418162182
10924423233
1776879693
300085311
9408376598
9684973607
11858472979
360968371
393861266
2023793340
11121004736
16214220891
7155232912
23308943369
357787847
28811214936
5779282011
307474501
4257767514
4769763201
20812232718
189432911
1090375772
3496411223
5344989454
1688948767
16470867290
985413638
18026497756
13785919530
757881145
6663401507
4578051158
11902165002
6660733156
15711502545
2028130769
3235315993
11574905084
1438453968
603699267
24837026063
5642801323
5997439240
3977289881
1524609114
16033036460
674707978
2098955320
2076083163
4696783001
7673018462
674335202
1517508831
2696032289
2164435072
223197229
249714850
10407185470
1557688360
845815855
181545040
6094315535
6803777612
6315845639
8714530857
27458791537
8672399437
1350766763
7452157998
10217286277
6703513712
28461320368
17171518043
5742192886
8909711536
7276697881
743239952
227086453
2925426724
13804019767
22249195845
244181212
3641747530
1448868061
5701661092
9615792307
3546297893
13472413919
214104095
965148822
1725479060
1919424747
5875908921
7513940027
1756618066
324236275
19135473743
1681143916
12894961814
5728286733
8678938578
6277476960
11454235146
3684952093
7355924520
1981681098
3650397685
14663648747
8201363492
844799731
4537585740
456323190
3897325247
7369505045
2106482867
8669237385
6473813305
9953112296
2110935316
8120172749
7009232147
6974904589
1499277608
8134533172
5561872834
7960137809
8936020488
1536120882
435276010
4064716870
6829783189
15462855141
3175424224
644782229
1398231264
3682992239
1352096008
1413730369
13151246372
13381736962
1347932180
420907252
1187586146
4271866095
1409316934
3106105570
826325164
952479834
5974532332
1639880871
27388350513
13202340808
17413845227
8545697821
3302349368
5402902572
553552111
10602424451
25772296409
18352178185
1122306230
13255652082
1778110496
203497477
298072292
2318685351
300189815
25007405323
26536937598
17877544833
4230916148
1694100176
1364537353
10401103913
8324458774
21430802594
19211594847
11915180212
18667744020
2156292377
3104981213
10849413231
288886560
4757256178
2119332176
1015130185
22273887238
1506771184
9187385645
1923708978
8320690272
8168378389
1735149680
1994738492
6781593632
7945996455
5672538251
978321765
8950188160
2139098559
488736090
9004621886
10921584730
8558006363
9040038672
7398221090
9494495253
10505037981
17894916276
14498855211
11563789455
2977722864
1684692105
2053926146
6706088094
1713443470
224864311
871082738
6541241724
3037446818
2142458066
4938562751
2224957475
4536496254
10368055326
1626937722
300227936
1600822016
4478720161
7946320296
5690458325
10845700686
1487965511
5579156641
1121494194
3637330601
2255617328
4921397284
176300203
12321646693
10116368670
1561975942
581623818
1406132489
6444693628
17179937052
14182993631
5592500224
9207195784
8957950632
3122067643
225099890
2223661317
1676101791
4258888790
7555285259
2000131897
7750625480
3167900003
1400228170
4690524198
2941065286
292749356
5664253184
5997039681
6102112453
22921949496
6670915725
3684888673
15027405043
6524325963
2053686487
2283684673
13445644532
7476754520
2056618042
4146354281
302226525
4339245095
2315307210
6875589066
8555205072
7637084086
17702195338
281135183
14291110380
3227531746
534710356
7070365809
9012596740
1613778868
6678131060
1671469067
13824985143
16476573882
1455603812
3132266537
8685207721
1448284202
1698606434
7793840412
7282921473
9531650246
14701837564
8929159391
1152727096
326873458
251063201
874567807
5528586518
2325004309
2257860613
1448085593
12008277595
21678512258
13081176303
18572550199
2446793964
3136694726
7353298956
13610433194
12987879469
1530298695
6307477668
1247971634
6884724952
25483718876
3263713301
18128783422
25243762794
367509593
25951240400
1932951802
11784593481
17810286497
20036198566
1125746822
9064573020
1947144406
1050786997
8041679045
538042392
1438011448
27737442329
3548463377
9312227496
3413960818
29307453568
5820819136
11922118609
825176552
28237247
15922776080
7852937355
8122439774
24033212489
256071754
1408891147
6567428313
10177261647
5658386513
4915715567
1769716091
2228425366
8539132075
419426212
5735723008
2077880492
7315699784
7221846037
7507347671
483641456
7380693044
14519085120
2235532664
18082818455
2996283433
1243937132
3028769552
5459325138
6928271367
14280603218
672426203
6008803350
25042469021
2256259737
3916350135
405067851
279639094
4086989302
2315448364
230928592
2009100327
6677164957
6976653333
4280551664
1815363302
1177254006
44625632
24742180885
3165599925
7907305666
18333810712
9986717415
6278256652
6041190584
7633936409
2271284518
4843870398
8968468542
8587503436
9138712403
3771618026
9278997058
11570876645
14299811918
13377355613
962870540
1513890010
287283281
6219747406
8635031618
25543538835
9010919023
5383181816
1419265175
42541109
10696718457
22176125251
2960202538
215492646
2138361850
460200061
3248541883
6793134114
9238169856
13230905525
2245197960
1392222849
6265802091
15916691459
8695455788
963131555
235886597
1205592071
4306051158
26341042185
6475509766
1575313512
9491408110
6289737907
5744914311
1491133855
6971732161
12063854740
208287773
10912358537
530726948
324135728
8577523829
25694832799
4338630805
6358906979
5516731498
4729850494
1686470782
298256384
21256127648
3604254199
2311686180
1643831592
3681165562
12583452864
17394055263
6891132366
7687564818
2329006131
8933084672
329738252
1556795224
14660220429
7738390227
9425037335
2303158323
428409077
5450891508
6005191583
3026410038
11067654183
2645561619
10213463419
17412997179
15000852372
8938037269
19077023769
19305979351
2017732551
588021927
1340590363
29359970445
1436721649
28446674479
1937879091
21297465523
1432416405
5931590
6995252846
413147152
2312474599
1947826318
249925767
422111234
8147540812
9307968061
11063609427
14665832616
1394675813
2234339301
9125097508
239511605
9529272495
7228692767
1376062049
2853068953
1560069400
13241363805
623257986
21874496610
4254401132
261518147
310026259
729293790
289133733
9690268145
1934538872
14048593920
597906883
1535020504
26055645262
1292914860
1286916352
18589982734
1386926142
1162188835
7053383891
2227300397
23923194183
46854295
144795898
1448370642
22736744678
19106633771
2940630976
7090077704
1916586038
11293024266
6172420641
3788131810
1525946311
2977738881
4030333002
14521164583
6784866390
314472654
17440152887
6985597349
9419824302
1713472604
14071070810
7724630036
14695290912
244885695
2177408373
7361159182
375816267
2315843751
8640813127
8720102225
5980743665
12158313041
9175204340
28567788590
8544743855
5672552509
235593748
490535074
27617093690
359753790
541751452
14460428001
3261511762
15719478468
35649532
3079722997
13866967083
18604177466
6856845450
13564207234
5641844943
5864243325
28364904693
15530783696
929155252
6128928782
2211330161
16599729987
227991734
16212379605
281871776
7384175675
6053515443
9127449736
16675443893
9181260750
199004162
20672148376
28696744049
18255518097
8434081928
4160937125
372991041
284530743
28955910438
432879688
1798264886
12672688433
1092243512
1532939988
10577997950
905738269
22727928034
1581927857
8035819575
18022666848
11700228319
35519255
10470199352
17557466105
13477864582
3109142216
5443868901
6628825218
8487699594
4524616601
11463559399
3066511976
5410174990
4681061569
1650897025
2584702493
7388491826
8524134551
6922246157
420808764
15517398722
242469485
24757539016
4154831047
7027574901
1530710046
7009183365
17377105417
16821345520
4144384001
7088875686
2230668164
19068024173
28683491517
817075022
17084368790
8259220503
2033227883
8635469151
14971819415
14926372477
8290850844
1721990534
7047867472
7522340020
28647328575
271548636
8665233513
17084767493
1492856835
10990864736
10481496133
1425725458
14431033392
964316312
26265674006
4564690771
1406312486
14673473193
18163114308
28708759393
16023555560
7515290892
2266205188
7695646816
17351894560
18181517344
7461708298
18589025472
8935647806
8643661201
8951132473
13374568554
11857552442
18675034152
29408344095
18118429340
9779320993
17099179300
6918866947
8766687240
1608686477
13259202683
11882937952
18101145859
18067499138
9760044999
6776483644
1335228527
18261438931
18389251132
18990071433
18527617916
19061002547
18265695408
18569817822
2669048231
28325554273
19052820116
28219908322
18096650376
7076886115
21649374976
21295191630
18886694305
16146102900
19046637199
18505900232
14274236667
17542715916
18272873922
17706711986
15132635830
21667486092
17693927593
8732749048
6954642327
10676395149
21667442782
15990670412
3166345152
10620411558
468818475
13444507649
