415182846
4066447362
13209131012
763150341
2263513096
2859984908
15978489869
17943308302
2250942479
6068578320
1641140237
26736674836
1472546838
273661974
1437552664
3009103897
788918297
736739355
3275577374
510992417
695713826
4111843368
1385562153
1355702316
2460938292
3527379000
3097342011
1909418044
9415962683
31477823
1485103168
27126042688
1644554306
7068231748
1263128647
2894098504
25210546249
8521764939
2136866892
3623229520
555302995
6195202139
18651328607
26461782113
10161059939
8071047267
25750892645
373270627
7848949863
33416001642
25598816364
4500004974
8459548787
1611530361
1215688828
5997625468
1098227840
1350709377
33179818114
1810786441
326422671
241787024
5466013840
392999056
699508886
431077528
3272265883
9512616092
199170205
5588752541
1176518815
344979616
812931234
248295590
260044967
1464647847
2020106409
1235372199
4410560684
1439709357
2068244654
947513518
241676461
1273819316
3206439093
8497623223
32040480953
2361991355
53389500
5659359423
11421237439
3048956097
240642242
1815312578
653281479
607248591
8325445842
7759804627
2093967572
5348419796
7632437463
6985584856
6302167255
4730763479
22951127262
1789518047
1546762465
4379812066
7223341284
502970597
3208882405
1494403304
3473981673
11821994216
605753583
5802582256
2356840692
1638138105
3208878332
8428411137
3253825794
7938646277
225802503
174043402
947820813
3284672785
2169676050
1669540115
1256859924
9993392404
4438524178
17053975
11771633944
19616911641
1488419101
1979910430
7395827999
14199327005
1444294944
590442786
1588152609
26690234663
1666775336
605843753
3855235370
301287723
1958803758
238102838
349837625
5504209212
5494634817
7799363910
205515078
7586197833
18874816843
1272158540
1593020749
8306665808
5858541905
268484946
269003089
7835488596
8457900377
145570139
4470587741
260204894
1461209441
1756682598
28233834854
12725727595
7392463211
6705101168
31280972149
5657938296
5755890042
628967803
2894760318
27603417473
3215335815
6193961353
1251062153
3436802443
13688803724
19045267853
1503377801
1178175888
665338256
1551171986
178184595
1464844691
1571938710
2085243288
717298078
11780082079
435710367
1518365089
1811302820
5312287140
29317255588
1526442407
301261230
1588957616
917604784
7016991154
1496684980
1540534709
1099637172
211900855
5829841337
27179010489
30049059260
1308096957
321862076
1115310526
435247553
3125629382
5767457222
2255585734
1476168143
10443037137
1302833618
764326355
405645780
15825365
10258733526
2034504157
19764470240
23835106
4476295652
12263868900
260936170
474210794
1509456365
2228468206
1400744432
871367155
1985212915
258857461
8168497655
302805502
4400226816
4660296193
49168898
14455593475
5923707396
21490835973
13493219851
6756875
2330743316
7738710548
6006768152
2863729180
340648476
1421435420
555530782
195779105
4474991141
1459442214
2145094183
26888854056
6675436072
6807489066
183220779
11062092327
274203181
28905259566
3273716272
1137515057
3006220851
3431674421
5910420029
4623647296
4069831234
9216870980
271501894
5663300167
1134113356
2312782412
300989005
14314322520
2998565465
633313882
15307745881
1316209243
279945821
1524994657
1333023330
14304203361
5312625252
8547705445
23232905830
11349267047
28967713385
419422825
985250409
199017073
1782970994
624366198
20176591487
7954932351
1010268800
6618589827
12420156035
13689041541
185315974
26928142984
10135675529
414939786
311317131
2048115342
4087134863
8444881550
1156762258
2107732629
1721412246
1559763607
1488954007
3145859737
1777619610
5929929373
2132042397
2056313505
370686627
3212198566
17648503465
245781161
1477395115
15267293867
4459684525
5718682282
6727457460
188476084
2315612853
2157705911
2317974207
1399272129
12752528068
890804934
33777349321
2128081610
220838607
1394987728
313787087
1334565586
294109909
38832855
5552966359
8499374809
8284601050
1088629469
956570333
7574772449
1493979874
1818405602
28701762276
374311652
4325405409
1376512747
338891501
399117038
9154913009
1611152115
502762232
22607137528
11327757050
1272439546
1131782906
6745256701
196596480
5467837187
254466822
479931143
1708528392
236311305
1374642950
5211474696
2149835537
1551080210
9675074322
1249069844
45689621
1601676052
8663980824
1418433306
1414830885
2249782053
7690728234
476773164
145840943
6707147567
8414358321
13567687474
5459075891
4784501564
792599356
5885442876
2114816840
3675954000
1696934740
1210956628
2285509463
2068677463
241582936
5835547483
249062235
1774578523
22126695262
356674400
8186336098
968014690
196182883
7565978476
1243290476
851616628
26200079220
1762706295
1361671034
323703676
1051634556
6136169342
1563935615
4502487934
24540959617
308011905
24379626371
3187215237
244839302
4249320325
1366635402
391576461
1958235021
5570368401
17137990555
1084187549
4572408734
14105572255
2278036385
1374532518
5913013159
12040731559
471432105
905364397
2996362163
3221199795
544388021
3951317943
1781941177
12175942586
6303005625
7436276666
11144285118
5797864383
328641472
29418013630
1952895940
1328868292
8720346054
9062693831
1211913159
1927252937
22578957261
1444285389
5798329293
14709623760
15492768722
26016140243
290946004
13279792085
837506002
601306071
904928221
6703571934
574161887
2102541279
261368798
1512788962
1320448989
646214625
1665672165
1427905511
5811198952
16395387882
804060139
1275573228
519943149
1396394994
1988928499
32114902005
1982104565
27121275899
7022943234
1552946179
6253321220
1426261002
25760269324
2497098765
8197637135
1447332879
26660236308
3950445593
6699125785
2103614491
6767211551
4060007457
465169441
1798779942
1476142120
6290842665
6110266409
244827178
5804911658
425733163
550528045
9965632563
674491446
1343579191
1675236408
4237438011
217007164
555203645
1645087810
5339374662
1273836614
28992296009
369538122
230212682
527561804
7042696265
8436890702
7213868106
25142916177
32284757080
667765852
4179022940
656768094
29176820834
1717589092
219858021
553299047
7183967337
2268249194
645790826
6823466090
10749615213
26281305199
4276804720
20589606003
1368966260
2201252988
1339974782
1443062912
7386582144
2126847106
1563503751
17843958920
1969863827
3156372628
7650905237
8498898069
483429524
2089518232
4534482075
2258371740
3144860828
1119466652
371457183
1162253468
1176034459
4727717022
5876641443
5652511910
841856166
7712375978
6925575343
3927176368
5431622833
389881010
11606949043
6113690804
4491506867
318397622
548048047
17641493685
518368441
7672472763
378279104
5538589889
2990638273
2085229764
3827924166
2291875022
7695209682
220579026
8461591764
3976352981
5753605330
258194648
2089647322
480924892
7634056414
21744714975
2940859617
1946055906
4100023523
3851865316
8678890725
4469298406
7479139557
1382694122
1542175982
3980381423
1559246063
739785970
7475604728
1472496892
32579456255
1380652292
1672535303
28663610633
10344340749
1553130767
1544471825
633292050
2361437459
5864426771
5806857492
488836372
10587985175
1099828498
16737854745
8588641562
1311929620
2104018202
1381819677
5517159710
8659264793
6210759968
6006588705
907957537
22936577317
7500336422
3459683626
481316140
20740003117
13037210926
371105071
1437443373
38585649
3147906354
1831275825
31289904436
7916399924
6171036973
820364599
395582776
210005305
31563601210
495504699
1529109822
1634301246
3125353791
2708012357
3028217159
478291275
18597268812
1905528144
9156105558
6188258650
2243741018
1560474972
1310551389
4361903454
20343696735
1970724192
1742812509
1131951453
1100481887
633597286
1701825895
2246970727
1185475946
2279452013
8009106797
16119987568
12292599154
1758354803
22188664180
4251006326
8512130423
4147848567
1972966774
19218818427
1961502079
3567746433
1529605507
1386257800
631522696
1486009737
1812301195
24017659273
2211626381
9725838613
1928095123
15912727957
9373529495
24373958042
12505015707
26908353949
1490654621
30019509663
562949536
1562727841
1438088609
1390777765
2314448294
209622438
2079393194
1918838190
582702513
1631145394
51148210
5492014513
419986869
365876657
328435121
287651256
29076063673
1613946300
2075866557
5468704194
2304968131
1553049028
2324434372
196095430
3663885768
6842230216
354655691
14539867607
1832517082
344223201
3667041762
853317093
8740859367
11938149864
10421775852
1697525228
6094888430
1386317294
6961102324
2356592118
836226550
7625131512
400494083
7399773701
536823301
1539126793
33951354378
20911216138
335769099
6269939215
1544080912
7848891920
8075826706
3579207185
5575097877
1046425110
25135736342
248274454
5847658015
3668063775
366431775
929537574
7766363686
6768635430
846753321
4516308520
1904877094
358964774
1254415911
4542131751
9638608431
7524372021
1428315702
11875243575
24500551224
322487862
2358525498
2045701690
4150285882
7293963839
8128177727
6052509251
5931451972
5426318916
20572952133
9127464522
1270216268
7825981005
414824015
7617785424
13258128975
915367509
3243578967
1983354457
1724663386
1427793504
2043528804
402357860
4037195369
31703187051
13223531
53509740
4743370351
13757128304
9493669488
4033259119
2205302387
12908301943
3141815928
1604910718
2062960255
6954120831
506465919
1170792066
5672808068
6067568261
5736197771
6083884684
189894287
4789274257
1468518035
29628307095
1325379224
1222661785
874204828
654763676
1139979935
279002785
1719043746
1317723811
6302406307
6493138595
556066470
1273831079
3261839015
14308038310
687183530
3124946602
21685319338
6893213353
1594445486
2120085158
320575153
25822940849
256300723
179484339
3443494581
1930542772
17892875955
3261589169
450873018
1521282748
815326911
1781708481
30809046723
506627783
3851689672
12739094217
5720411849
5843035851
3418068685
2101931731
264797907
2006101720
386963163
3263151837
13510551270
1926090471
6536017643
1618433772
556093165
22250096365
1017071343
33862289137
25967052531
4387999478
9254498039
332973822
218715902
1547255553
1260392193
1971640068
7566753540
12357873417
5347620627
543649558
1692067607
312198936
1354626842
373370651
1365522202
2153690909
1203162913
1050537763
11865558822
7546767145
29455036203
1591932716
8000833325
3261538093
1729206063
7443056428
15925931827
33419062
6518284089
5448828730
6200504123
2521308991
6763450175
1777037121
2080993090
1425778498
1413482306
347486021
4575809349
1574924105
1449830219
8018319180
2266611531
2865307472
2056546137
7392071513
293218139
11346603868
1712420702
294279006
642905952
360191841
9023516519
290854761
1915803498
32345294699
4734568302
2195433327
6757656432
30670705
468715377
4105967475
15244984180
1434212211
396687219
6889803644
579569538
6299072388
30356387722
457136016
241459091
713179028
328331160
1276041113
1058580383
2002984863
2719674271
335300514
3281676196
9387804580
306786214
1175707558
425551785
364427178
4948494252
5812107182
7327158191
1693509558
27184998329
364005307
2959947708
1416820675
1131929545
1299107789
1073772500
419833812
1424977885
1699420125
5920208861
5452158944
2345545699
6002493411
1471719397
525815782
1014200295
14244065259
1786206188
6621380596
4254633972
1549434870
4752439288
2104158204
415182846
501874688
6345986052
4976125957
13634183174
28341235718
33624184840
1137723400
256880651
22266642443
13224089613
8438220816
741683217
1390544916
319856663
1544468505
1466544153
597848092
12544612382
385181727
4089548832
342509601
1437151265
1909815331
16728676382
1702199333
1828120616
3296323624
7588847658
1042405419
8695455788
5503754286
7911063600
300701754
1407510590
247679038
3478063166
210077763
1778257988
3192045638
4698671177
1000824906
533461067
519927884
384643149
1950201935
3168301142
6928918615
4083607640
2462855255
12602724448
6333499489
640366690
32590092388
1524217957
2252130404
11105955944
4143091817
104888427
1257539693
4196472943
4680982643
8076533875
2103029878
1013620854
2007441527
5841240187
26732064893
16690339966
1491009664
1680797826
8631156874
1622378636
638576782
3240104080
290429076
10693771415
18303142039
411945113
1746061463
246626459
1153777820
5887764637
698253470
5692670110
3789725856
8947189921
3994673308
1967550619
18090569892
11095820456
1327636648
1415415982
1266829487
524052656
1533755572
32890167479
8756175031
187582647
256307386
7636391935
5374367932
1950632123
1421285565
1457823932
5206608065
3794172098
328562884
590409925
414959816
3282077899
1602777293
295045326
702427343
3166472398
4830378193
1354121425
1412204753
516182227
33294723283
11058340054
4865581271
11178885338
3139743965
2180167902
16714412256
12033728739
207874276
831262950
453359847
1640370410
435206379
7405730027
608620786
1692428532
2286498037
145574132
15503223028
1981026559
10635723008
28366903553
709220610
1533546757
2165907718
2118916359
4410558727
8022327559
2894430474
6255129977
6619951372
1162062093
6949875980
1509611793
4382218516
3644809493
3261747477
1352546582
624324888
2161205529
5737691417
5365315864
444473626
3284723997
567599389
33409020191
6884387104
26344153377
2158563617
1625479459
626209059
240658721
1349646621
1433149735
1510181160
722719015
6967572778
1090525483
1650915630
8513599791
3709212978
29307631924
1142386998
1419714870
176683321
584644921
4206825787
4199176508
452708671
235637055
4689389887
12295524674
3265540419
476676421
285847878
5846874439
18980401479
5333291337
1184772426
2091872584
53623110
7318470992
8517955921
1163768146
555288916
6266171732
243552599
4171563351
224373081
6486520155
3512877404
30279252319
4120242529
1372168546
6327103843
4178846054
8488053094
3605252459
11559395693
7984861551
11462254962
1736372594
2049018226
646224244
10023299443
1228587386
28466794876
1810837885
1297291646
20807508350
1808458115
3502449028
180107654
550697355
5979941260
37628301
4589969806
33907081615
25296271761
1700817300
4201804180
694628758
513886614
309670296
1552048537
1538027931
1232044444
8222671261
309477790
15417762209
2234169762
5924026787
1974079907
12260923813
985967014
7923456422
229685671
12028682664
657396138
358590891
26420761005
28384442798
360868269
8768965040
863252912
2214597041
362535343
9918169528
1283897785
645962172
205695422
13472926150
469440967
1313853896
10229789126
3074486735
2362608085
11216806360
5535418841
1141053914
6270378459
8293949917
18768568798
471409122
1596299746
2055303650
27310631397
351586790
27126712809
7009360362
283193837
8788967927
223037950
496251394
453562882
304417285
13219932678
6346093062
319121925
1414638096
4859931152
8127189527
9142811162
645997082
27918506523
2280559138
430326308
300503589
358423078
1595994665
2037072425
2671774251
144034349
506317358
6194770479
1932741171
1588173364
1594362429
1611276865
6326405698
7122037316
7283089988
1357965897
1443539529
2117231179
1430876755
21932898904
743635544
1184201307
5143351900
1511604828
967047776
256703075
1449761379
183495271
1146602088
416879210
6988741227
3259048557
8582582894
2338351728
2214439537
2066936434
3526068851
547377776
4799838838
888363646
3274467967
291332736
9246542467
7010347652
8282610310
22203851399
3071285896
195558029
9446052493
248818318
247974543
24508287634
489192090
5880681116
1584790176
1632750243
2292699814
1774242471
1675487912
1593606823
200207018
7684383402
4260618923
8461965998
28002822832
221450931
1115697844
1283687092
1821301429
2032186038
1054472883
1281886907
341566147
497605318
5869841095
449843915
4547113681
26034898
2131921619
25865077458
4006922965
320500437
9780583126
185774812
56115933
401134302
5481884383
145175265
1216025314
1225898730
9026061039
469506801
3679087347
189371123
8746400502
2246568696
212976377
578513656
1094765307
6125800187
4353491709
2124854008
844237567
8694307583
12736729857
4248181511
2159788812
5787032336
6235577107
1287314198
1924248344
637821725
3672935198
416203550
6203165473
2161986339
5543404325
1241119530
964231979
3116071724
239385390
268725041
1568275250
1635492661
449788726
351775547
544881467
5337842493
6588316482
8078566216
275731272
54102856
1573116747
4200766285
5825309517
521132879
258519887
21203231572
5775280980
7827845974
3206173530
856486750
1698016096
1281962850
1772634979
6856272740
20640693093
362449764
8519965545
9509026669
4297268079
3052198768
270232436
7459836793
10912488317
256082819
11549492099
13787640710
7337819016
3133281160
1957415819
3285562256
442647441
240661396
417010581
2366174107
1463612317
19134821279
601289632
6026539956
27294063543
607271864
1481296825
2203304890
29556759484
404671420
3990647742
428956613
6643514310
470113222
516264907
29669837771
56050635
534995918
1541903308
1537934284
7399089101
1270285266
358349779
3491204052
2947924953
1340928985
657464283
1434450906
5379458017
267246573
6220669934
2949039085
4629433328
3169367025
288728054
390355959
328672248
2079448057
35208186
1714514937
12326134782
6742840327
7908998153
9121682443
3869303821
1245715470
7999480849
1404576788
2869748757
1918534676
1296479256
307078175
32084943904
24410326049
1816945698
8180108327
3261131817
344214572
1364341805
1204448307
19384316980
762414136
358126648
3609834560
2128098375
10426342471
288607305
2068978760
2182872136
714163276
784288845
8126919758
273767507
1527598164
968076373
609373273
22003465307
8503909468
3319876701
1231694942
21898118239
31512771680
783780960
640769120
2097400929
4666616930
1926900836
2071553130
8451699822
208079983
280720498
1645530231
602375289
546677883
1765239934
2342669439
1282950274
17462117507
6223977604
281699462
5463147654
2999217288
10098252939
4208989327
376249489
6625817745
519920788
9943616662
1552622742
11132415128
26322885784
1715594392
255681690
1211268254
3048832158
9032461472
3696469153
3666064548
5079923879
779213993
19054877866
239160490
298271922
2014235827
1543652532
1092646068
5809611956
1666931895
394220730
9396663483
4167318715
380294332
6430057662
3625870526
453784764
2341057730
183266499
1211729091
4530937029
1306614981
10189970628
5521042631
177560778
1080462538
224476365
3114505423
404356304
1911796945
18908245199
2460871892
1708365013
3517289690
1396612324
329391332
9793553638
1489674235
11644429544
381994218
2462645483
3667952876
2064905453
1563675885
1609999602
230700276
1450030327
194620666
1541889277
1367209213
8224027905
13722014981
16624508167
19747448076
10492882189
1522484498
4871666963
7703608604
1249725731
1101860131
2175804712
6392991017
7227215145
266990891
1468128556
3139169579
615701810
18638144820
14518439221
256867642
11773517117
7115846975
428229957
15943181640
1830538570
1725752651
4513348939
8999628109
398255435
6072751437
1411071312
1582644603
1483539796
8316202327
14081172825
386565468
2317884766
379135327
1431758180
282178917
583130470
221554023
18055316836
3081784681
14949340519
2102205805
11925529965
1988457842
193312117
367252855
483331447
1368972664
1577932151
22680952
1538442617
15280168313
7736278394
1420578175
8097791353
1973745025
1422495105
1338992003
32030983556
7409683845
541572485
267560328
399328651
2251044237
1774116238
1603243406
655515024
3507987858
1264043410
561151378
4108666261
198198682
610164123
3407105436
6169337242
1638290851
1089742244
7387764142
2166525358
3046182321
811081143
351688123
1945296319
6300329408
2679076289
1804058058
590382538
444079563
1290481101
895843788
5622396367
6995828176
184186326
369628631
293875159
8887662043
986576347
438951393
7874067937
383360483
33072784869
8740859367
1271916010
605734379
1401914860
6219863533
1393815021
1506254318
1943438833
1951417847
28248212984
1923286522
1574385146
2887491067
275666431
978288128
2033065473
13376871937
244985347
309300747
2120216076
300660237
3590600203
3447195150
526693904
7594282508
2134890002
5692302867
392828437
8134014485
8888557077
1591424536
980119068
368940573
1695467039
1441785375
1567479330
1033973282
4351555106
1200924200
15209068073
1602715178
27963936300
289322541
7108169262
491781678
8284147248
1390468657
1281990194
345460279
6066851384
9365929529
290076217
1355370041
365907511
8015150647
228480573
820596288
1564591685
20320587334
4488719945
1214596682
989234764
1027890767
5430980181
528758358
1514548823
12480028251
1535567453
1284142687
1669625444
29226858087
1306740328
7978200682
2653578859
1629828716
2238879345
8592033394
23707803251
16616836723
321289848
1739644537
4552142458
425504379
327532158
1663172226
7200269955
366728837
1652893321
1547339404
7657066132
2117807765
11765993110
1642489495
3480827547
401499804
318131869
2367907486
231233184
3231053474
343891621
2226251432
9148894890
1310082732
1704953516
177090222
292685490
363224755
472958644
1426927285
1461315254
175017655
3914063539
1536128695
1641893559
2460907196
12906653374
276360895
6070730438
5765521101
809580237
542729937
5560839889
6055452370
836656854
3095803610
1275715296
4098242274
7279173356
2936506093
5876066029
1054340846
2138885870
5425397484
310599411
1597834995
1353205493
1696788212
374222585
4341120762
392775420
7600926463
288636671
7468685057
5802481410
1627303686
2327815945
50953994
1364221707
25471196941
1531784975
1638465296
4439447313
3171579671
4781358871
1546133273
1196351257
1463475997
1636751135
649973536
317572897
1526052642
1433941795
25845425958
655093547
835542827
1317609263
8516970288
1011156787
7053346612
4041639733
3809986361
2260703034
9677526856
3269893962
752834379
363089738
316475218
647419732
1636180
7268517719
8489371481
699846492
6051600221
2101944158
458377055
7479949154
218814307
24905279333
1660821353
1643978612
2122551157
2073210742
1257111416
1489839994
1558644603
2131709822
422702975
2271432576
6818467712
7208052610
1007062920
446586763
970678157
4309673870
1569406861
1528614802
7318456213
545046421
1512867736
16039832
2001391517
4455696287
1580257185
4517861283
1055496101
908904357
927844262
5940027304
555474853
1177677738
4355983275
15279544235
354445230
200720307
1592025011
1363261370
527030202
3864461244
8448280513
6029004739
6788517828
5520224197
1508425670
213903305
1999144906
598409167
290056143
465252303
5784766418
308950996
6168330199
4638791641
180170716
3564990441
10187419626
1067026412
1590861805
1682860012
284551153
483477491
6060601333
2117703671
200443898
996812795
2580674559
