41518284
406644736
1320913101
76315034
226351309
285998490
1597848986
1794330830
225094247
606857832
164114023
2673667483
147254683
27366197
143755266
300910389
78891829
73673935
327557737
51099241
69571382
411184336
138556215
135570231
246093829
352737900
309734201
190941804
941596268
3147782
148510316
2712604268
164455430
706823174
126312864
289409850
2521054624
852176493
213686689
362322952
55530299
619520213
1865132860
2646178211
1016105993
807104726
2575089264
37327062
784894986
3341600164
2559881636
450000497
845954878
161153036
121568882
599762546
109822784
135070937
3317981811
181078644
32642267
24178702
546601384
39299905
69950888
43107752
327226588
951261609
19917020
558875254
117651881
34497961
81293123
24829559
26004496
146464784
202010640
123537219
441056068
143970935
206824465
94751351
24167646
127381931
320643909
849762322
3204048095
236199135
5338950
565935942
1142123743
304895609
24064224
181531257
65328147
60724859
832544584
775980462
209396757
534841979
763243746
698558485
630216725
473076347
2295112726
178951804
154676246
437981206
722334128
50297059
320888240
149440330
347398167
1182199421
60575358
580258225
235684069
163813810
320887833
842841113
325382579
793864627
22580250
17404340
94782081
328467278
216967605
166954011
125685992
999339240
443852417
1705397
1177163394
1961691164
148841910
197991043
739582799
1419932700
144429494
59044278
158815260
2669023466
166677533
60584375
385523537
30128772
195880375
23810283
34983762
550420921
549463481
779936391
20551507
758619783
1887481684
127215854
159302074
830666580
585854190
26848494
26900308
783548859
845790037
14557013
447058774
26020489
146120944
175668259
2823383485
1272572759
739246321
670510116
3128097214
565793829
575589004
62896780
289476031
2760341747
321533581
619396135
125106215
343680244
1368880372
1904526785
150337780
117817588
66533825
155117198
17818459
146484469
157193871
208524328
71729807
1178008207
43571036
151836508
181130282
531228714
2931725558
152644240
30126123
158895761
91760478
701699115
149668498
154053470
109963717
21190085
582984133
2717901048
3004905926
130809695
32186207
111531052
43524755
312562938
576745722
225558573
147616814
1044303713
130283361
76432635
40564578
1582536
1025873352
203450415
1976447024
2383510
447629565
1226386890
26093617
47421079
150945636
222846820
140074443
87136715
198521291
25885746
816849765
30280550
440022681
466029619
4916889
1445559347
592370739
2149083597
1349321985
675687
233074331
773871054
600676815
286372918
34064847
142143542
55553078
19577910
447499114
145944221
214509418
2688885405
667543607
680748906
18322077
1106209232
27420318
2890525956
327371627
113751505
300622085
343167442
591042002
462364729
406983123
921687098
27150189
566330016
113411335
231278241
30098900
1431432252
299856546
63331388
1530774588
131620924
27994582
152499465
133302333
1430420336
531262525
854770544
2323290583
1134926704
2896771338
41942282
98525040
19901707
178297099
62436619
2017659148
795493235
101026880
661858982
1242015603
1368904154
18531597
2692814298
1013567552
41493978
31131713
204811534
408713486
844488155
115676225
210773262
172141224
155976360
148895400
314585973
177761961
592992937
213204239
205631350
37068662
321219856
1764850346
24578116
147739511
1526729386
445968452
571868228
672745746
18847608
231561285
215770591
231797420
139927212
1275252806
89080493
3377734932
212808161
22083860
139498772
31378708
133456558
29410990
3883285
555296635
849937480
828460105
108862946
95657033
757477244
149397987
181840560
2870176227
37431165
432540540
137651274
33889150
39911703
915491300
161115211
50276223
2260713752
1132775705
127243954
113178290
674525670
19659648
546783718
25446682
47993114
170852839
23631130
137464295
521147469
214983553
155108021
967507432
124906984
4568962
160167605
866398082
141843330
141483088
224978205
769072823
47677316
14584094
670714756
841435832
1356768747
545907589
478450156
79259935
588544287
211481684
367595400
169693474
121095662
228550946
206867746
24158293
583554748
24906223
177457852
2212669526
35667440
818633609
96801469
19618288
756597847
124329047
85161662
2620007922
176270629
136167103
32370367
105163455
613616934
156393561
450248793
2454095961
30801190
2437962637
318721523
24483930
424932032
136663540
39157646
195823502
557036840
1713799055
108418754
457240873
1410557225
227803638
137453251
591301315
1204073155
47143210
90536439
299636216
322119979
54438802
395131794
178194117
1217594258
630300562
743627666
1114428511
579786438
32864147
2941801363
195289594
132886829
872034605
906269383
121191315
192725293
2257895726
144428538
579832929
1470962376
1549276872
2601614024
29094600
1327979208
83750600
60130607
90492822
670357193
57416188
210254127
26136879
151278896
132044898
64621462
166567216
142790551
581119895
1639538788
80406013
127557322
51994314
139639499
198892849
3211490200
198210456
2712127589
702294323
155294617
625332122
142626100
2576026932
249709876
819763713
144733287
2666023630
395044559
669912578
210361449
676721155
406000745
46516944
179877994
147614212
629084266
611026640
24482717
580491165
42573316
55052804
996563256
67449144
134357919
167523640
423743801
21700716
55520364
164508781
533937466
127383661
2899229600
36953812
23021268
52756180
704269626
843689070
721386810
2514291617
3228475708
66776585
417902294
65676809
2917682083
171758909
21985802
55329904
718396733
226824919
64579082
682346609
1074961521
2628130519
427680472
2058960600
136896626
220125298
133997478
144306291
738658214
212684710
156350375
1784395892
196986382
315637262
765090523
849889806
48342952
208951823
453448207
225837174
314486082
111946665
37145718
116225346
117603445
472771702
587664144
565251191
84185616
771237597
692557534
392717636
543162283
38988101
1160694904
611369080
449150686
31839762
54804804
1764149368
51836844
767247276
37827910
553858988
299063827
208522976
382792416
229187502
769520968
22057902
846159176
397635298
575360533
25819464
208964732
48092489
763405641
2174471497
294085961
194605590
410002352
385186531
867889072
446929840
747913955
138269412
154217598
398038142
155924606
73978597
747560472
147249689
3257945625
138065229
167253530
2866361063
1034434074
155313076
154447182
63329205
236143745
586442677
580685749
48883637
1058798517
109982849
1673785474
858864156
131192962
210401820
138181967
551715971
865926479
621075996
600658870
90795753
2293657731
750033642
345968362
48131614
2074000311
1303721092
37110507
143744337
3858564
314790635
183127582
3128990443
791639992
617103697
82036459
39558277
21000530
3156360121
49550469
152910982
163430124
312535379
270801235
302821715
47829127
1859726881
190552814
915610555
618825865
224374101
156047497
131055138
436190345
2034369673
197072419
174281250
113195145
110048188
63359728
170182589
224697072
118547594
227945201
800910679
1611998756
1229259915
175835480
2218866418
425100632
851213042
414784856
197296677
1921881842
196150207
356774643
152960550
138625780
63152269
148600973
181230119
2401765927
221162638
972583861
192809512
1591272795
937352949
2437395804
1250501570
2690835394
149065462
3001950966
56294953
156272784
143808860
139077776
231444829
20962243
207939319
191883819
58270251
163114539
5114821
549201451
41998686
36587665
32843512
28765125
2907606367
161394630
207586655
546870419
230496813
155304902
232443437
19609543
366388576
684223021
35465569
1453986760
183251708
34422320
366704176
85331709
874085936
1193814986
1042177585
169752522
609488843
138631729
696110232
235659211
83622655
762513151
40049408
739977370
53682330
153912679
3395135437
2091121613
33576909
626993921
154408091
784889192
807582670
357920718
557509787
104642511
2513573634
24827445
584765801
366806377
36643177
92953757
776636368
676863543
84675332
451630852
190487709
35896477
125441591
454213175
963860843
752437202
142831570
1187524357
2450055122
32248786
235852549
204570169
415028588
729396383
812817772
605250925
593145197
542631891
2057295213
912746452
127021626
782598100
41482401
761778542
1325812897
91536750
324357896
198335445
172466338
142779350
204352880
40235786
403719536
3170318705
1322353
5350974
474337035
1375712830
949366948
403325911
220530238
1290830194
314181592
160491071
206296025
695412083
50646591
117079206
567280806
606756826
573619777
608388468
18989428
478927425
146851803
2962830709
132537922
122266178
87420482
65476367
113997993
27900278
171904374
131772381
630240630
649313859
55606647
127383107
326183901
1430803831
68718353
312494660
2168531933
689321335
159444548
212008515
32057515
2582294084
25630072
17948433
344349458
193054277
1789287595
326158916
45087301
152128274
81532691
178170848
3080904672
50662778
385168967
1273909421
572041184
584303585
341806868
210193173
26479790
200610172
38696316
326315183
1351055127
192609047
653601764
161843377
55609316
2225009636
101707134
3386228913
2596705253
438799947
925449803
33297382
21871590
154725555
126039219
197164006
756675354
1235787341
534762062
54364955
169206760
31219893
135462684
37337065
136552220
215369090
120316291
105053776
1186555882
754676714
2945503620
159193271
800083332
326153809
172920606
744305642
1592593182
3341906
651828408
544882873
620050412
252130899
676345017
177703712
208099309
142577849
141348230
34748602
457580934
157492410
144983021
801831918
226661153
286530747
205654613
739207151
29321813
1134660386
171242070
29427900
64290595
36019184
902351651
29085476
191580349
3234529469
473456830
219543332
675765643
3067070
46871537
410596747
1524498418
143421221
39668721
688980364
57956953
629907238
3035638772
45713601
24145909
71317902
32833116
127604111
105858038
200298486
271967427
33530051
328167619
938780458
30678621
117570755
42555178
36442717
494849425
581210718
732715819
169350955
2718499832
36400530
295994770
141682067
113192954
129910778
107377250
41983381
142497788
169942012
592020886
545215894
234554569
600249341
147171939
52581578
101420029
1424406525
178620618
662138059
425463397
154943487
475243928
210415820
41518284
50187468
634598605
497612595
1363418317
2834123571
3362418484
113772340
25688065
2226664244
1322408961
843822081
74168321
139054491
31985666
154446850
146654415
59784809
1254461238
38518172
408954883
34250960
143715126
190981533
1672867638
170219933
182812061
329632362
758884765
104240541
550375428
791106360
30070175
140751059
24767903
347806316
21007776
177825798
319204563
469867117
100082490
53346106
51992788
38464314
195020193
316830114
692891861
408360764
246285525
1260272444
633349948
64036669
3259009238
152421795
225213040
1110595594
414309181
10488842
125753969
419647294
468098264
807653387
210302987
101362085
200744152
584124018
2673206489
1669033996
149100966
168079782
863115687
162237863
63857678
324010408
29042907
1069377141
1830314203
41194511
174606146
24662645
115377782
588776463
69825347
569267011
378972585
894718992
399467330
196755061
1809056989
1109582045
132763664
141541598
126682948
52405265
153375557
3289016747
875617503
18758264
25630738
763639193
537436793
195063212
142128556
145782393
520660806
379417209
32856288
59040992
41495981
328207789
160277729
29504532
70242734
316647239
483037819
135412142
141220475
51618222
3329472328
1105834005
486558127
1117888533
313974396
218016790
1671441225
1203372873
20787427
83126295
45335984
164037041
43520637
740573002
60862078
169242853
228649803
14557413
1550322302
198102655
1063572300
2836690355
70922061
153354675
216590771
211891635
441055872
802232755
289443047
625512997
661995137
116206209
694987598
150961179
438221851
364480949
326174747
135254658
62432488
216120552
573769141
536531586
44447362
328472399
56759938
3340902019
688438710
2634415337
215856361
162547945
62620905
24065872
134964662
143314973
151018116
72271901
696757277
109052548
165091563
851359979
370921297
2930763192
114238699
141971487
17668332
58464492
420682578
419917650
45270867
23563705
468938988
1229552467
326554041
47667642
28584787
584687443
1898040147
533329133
118477242
209187258
5362311
731847099
851795592
116376814
55528891
626617173
24355259
417156335
22437308
648652015
351287740
3027925231
412024252
137216854
632710384
417884605
848805309
360525245
1155939569
798486155
1146225496
173637259
204901822
64622424
1002329944
122858738
2846679487
181083788
129729164
2080750835
180845811
350244902
18010765
55069735
597994126
3762830
458996980
3390708161
2529627176
170081730
420180418
69462875
51388661
30967029
155204853
153802793
123204444
822267126
30947779
1541776220
223416976
592402678
197407990
1226092381
98596701
792345642
22968567
1202868266
65739613
35859089
2642076100
2838444279
36086826
876896504
86325291
221459704
36253534
991816952
128389778
64596217
20569542
1347292615
46944096
131385389
1022978912
307448673
236260808
1121680636
553541884
114105391
627037845
829394991
1876856879
47140912
159629974
205530365
2731063139
35158679
2712671280
700936036
28319383
878896792
22303795
49625139
45356288
30441728
1321993267
634609306
31912192
141463809
485993115
812718952
914281116
64599708
2791850652
228055913
43032630
30050358
35842307
159599466
203707242
267177425
14403434
50631735
619477047
193274117
158817336
159436242
161127686
632640569
712203731
728308998
135796589
144353952
211723117
143087675
2193289890
74363554
118420130
514335190
151160482
96704777
25670307
144976137
18349527
114660208
41687921
698874122
325904855
858258289
233835172
221443953
206693643
352606885
54737777
479983883
88836364
327446796
29133273
924654246
701034765
828261031
2220385139
307128589
19555802
944605249
24881831
24797454
2450828763
48919209
588068111
158479017
163275024
229269981
177424247
167548791
159360682
20020701
768438340
426061892
846196599
2800282283
22145093
111569784
128368709
182130142
203218603
105447288
128188690
34156614
49760531
586984109
44984391
454711368
2603489
213192161
2586507745
400692296
32050043
978058312
18577481
5611593
40113430
548188438
14517526
121602531
122589873
902606103
46950680
367908734
18937112
874640050
224656869
21297637
57851365
109476530
612580018
435349170
212485400
84423756
869430758
1273672985
424818151
215978881
578703233
623557710
128731419
192424834
63782172
367293519
41620355
620316547
216198633
554340432
124111953
96423197
311607172
23938539
26872504
156827525
163549266
44978872
35177554
54488146
533784249
658831648
807856621
27573127
5410285
157311674
420076628
582530951
52113287
25851988
2120323157
577528098
782784597
320617353
85648675
169801609
128196285
177263497
685627274
2064069309
36244976
851996554
950902666
429726807
305219876
27023243
745983679
1091248831
25608281
1154949209
1378764071
733781901
313328116
195741581
328556225
44264744
24066139
41701058
236617410
146361231
1913482127
60128963
602653995
2729406354
60727186
148129682
220330489
2955675948
40467142
399064774
42895661
664351431
47011322
51626490
2966983777
5605063
53499591
154190330
153793428
739908910
127028526
35834977
349120405
294792495
134092898
65746428
143445090
537945801
26724657
622066993
294903908
462943332
316936702
28872805
39035595
32867224
207944805
3520818
171451493
1232613478
674284032
790899815
912168244
386930382
124571547
799948084
140457678
286974875
191853467
129647925
30707817
3208494390
2441032604
181694569
818010832
326113181
34421457
136434180
120444830
1938431698
76241413
35812664
360983456
212809837
1042634247
28860730
206897876
218287213
71416327
78428884
812691975
27376750
152759816
96807637
60937327
2200346530
850390946
331987670
123169494
2189811823
3151277168
78378096
64076912
209740092
466661693
192690083
207155313
845169982
20807998
28072049
164553023
60237528
54667788
176523993
234266943
128295027
1746211750
622397760
28169946
546314765
299921728
1009825293
420898932
37624948
662581774
51992078
994361666
155262274
1113241512
2632288578
171559439
25568169
121126825
304883215
903246147
369646915
366606454
507992387
77921399
1905487786
23916049
29827192
201423582
154365253
109264606
580961195
166693189
39422073
939666348
416731871
38029433
643005766
362587052
45378476
234105773
18326649
121172909
453093702
130661498
1018997062
552104263
17756077
108046253
22447636
311450542
40435630
191179694
1890824519
246087189
170836501
351728969
139661232
32939133
979355363
148967423
1164442954
38199421
246264548
366795287
206490545
156367588
160999960
23070027
145003032
19462066
154188927
136720921
822402790
1372201498
1662450816
1974744807
1049288218
152248449
487166696
770360860
124972573
110186013
217580471
639299101
722721514
26699089
146812855
313916957
61570181
1863814482
1451843922
25686764
1177351711
711584697
42822995
1594318164
183053857
172575265
451334893
899962810
39825543
607275143
141107131
158264460
148353979
831620232
1408117282
38656546
231788476
37913532
143175818
28217891
58313047
22155402
1805531683
308178468
1494934051
210220580
1192552996
198845784
19331211
36725285
48333144
136897266
157793215
2268095
153844261
1528016831
773627839
142057817
809779135
197374502
142249510
133899200
3203098355
740968384
54157248
26756032
39932865
225104423
177411623
160324340
65551502
350798785
126404341
56115137
410866626
19819868
61016412
340710543
616933724
163829085
108974224
738776414
216652535
304618232
81108114
35168812
194529631
630032940
267907628
180405805
59038253
44407956
129048110
89584378
562239636
699582817
18418632
36962863
29387515
888766204
98657634
43895139
787406793
38336048
3307278486
874085936
127191601
60573437
140191486
621986353
139381502
150625431
194343883
195141784
2824821298
192328652
157438514
288749106
27566643
97828812
203306547
1337687193
24498534
30930074
212021607
30066023
359060020
344719515
52669390
759428250
213489000
569230286
39282843
813401448
888855707
159142453
98011906
36894057
169546703
144178537
156747933
103397328
435155510
120092420
1520906807
160271517
2796393630
28932254
710816926
49178167
828414724
139046865
128199019
34546027
606685138
936592952
29007621
135537004
36590751
801515064
22848057
82059628
156459168
2032058733
448871994
121459668
98923476
102789076
543098018
52875835
151454882
1248002825
153556745
128414268
166962544
2922685808
130674032
797820068
265357885
162982871
223887934
859203339
2370780325
1661683672
32128984
173964453
455214245
42550437
32753215
166317222
720026995
36672883
165289332
154733940
765706613
211780776
1176599311
164248949
348082754
40149980
31813186
236790748
23123318
323105347
34389162
222625143
914889489
131008273
170495351
17709022
29268549
36322475
47295864
142692728
146131525
17501765
391406353
153612869
164189355
246090719
1290665337
27636089
607073043
576552110
80958023
54272993
556083988
605545237
83665685
309580361
127571529
409824227
727917335
293650609
587606602
105434084
213888587
542539748
31059941
159783499
135320549
169678821
37422258
434112076
39277542
760092646
28863667
746868505
580248141
162730368
232781594
5095399
136422170
2547119694
153178497
163846529
443944731
317157967
478135887
154613327
119635125
146347599
163675113
64997353
31757289
152605264
143394179
2584542595
65509354
83554282
131760926
851697028
101115678
705334661
404163973
380998636
226070303
967752685
326989396
75283437
36308973
31647521
64741973
163618
726851771
848937148
69984649
605160022
210194415
45837705
747994915
21881430
2490527933
166082135
164397861
212255115
207321074
125711141
148983999
155864460
213170982
42270297
227143257
681846771
720805261
100706292
44658676
97067815
430967387
156940686
152861480
731845621
54504642
151286773
1603983
200139151
445569628
158025718
451786128
105549610
90890435
92784426
594002730
55547485
117767773
435598327
1527954423
35444523
20072030
159202501
136326137
52703020
386446124
844828051
602900473
678851782
552022419
150842567
21390330
199914490
59840916
29005614
46525230
578476641
30895099
616833019
463879164
18017071
356499044
1018741962
106702641
159086180
168286001
28455115
48347749
606060133
211770367
20044389
99681279
258067455
